5          100         214          68       1          0        1       0     220       234     194       192        129      128        0        1
1            0              0           23      128      64      0      30      2            0        189      140          0         37         1      176 
4            1             58           0         1       138      4       1       60          0         1          100        241      153        5        1
87          0             1           120        0        1      103     0        1          60        0           1              2          0         64    236
1          208           0            1          58       5        1      12       0           1          15         0             1           10        0       1
86        174           4           0           1         19       0       1      118         0           1        29            0            1         3       0
1            6            27         159         0         1         1       0         1         20         0         1            60           0         1       86
0            1            5            0            68     30        1    240   255          1         40        0              1         21         0        1
17           0           1            4             0         1     233   127     19           0           1        16             0        1          37        0
1            21          0            1            17        0        1       4      176        194        0           1           19        0          40        2
0           0           23           1           134      0        1     120       0           1           9          16          15          0          1        50
0            1            0            0            1         0        0       1         0           0           1           0           103     171        0           1
120        0           1             10           0        1        30     0        1            0            0        1             0             0       31        111
1           16           0           1              16      0           1   126      4           1           220        5           1           0          0          1
150      46          25          0              1      23          0      1      28           0            1          3          0            1         20         0
1            0          69         66             0   255         255


5100214681010220234194192129128011002312864030201891400371176415801138416001100241153518701120011030160012064236120801585112011501100186174401190111801290130162715901101200160018601506830124025514001210117014012331271901160137012101170141761940119040200231134011200191615015001001001001010317101120011001300100100311111160116011264122051001150462501230128013012001069660255255