05 64 d6 44 01 00 01 00 dc ea c2 c0 81 80 00 01  
01 00 00 17 80 40 00 1e 02 00 bd 8c 00 25 01 b3
04 01 40 00 01 86 04 01 42 00 01 67 42 eb 05 01   // 47 real
60 00 01 84 00 01 6a 00 01 4b 00 01 02 00 96 ff 
01 ab 00 01 3a 05 01 0c 00 01 0f 00 01 0a 00 01 
b8 b0 04 00 01 13 00 01 76 00 01 1d 00 01 03 00 
01 06 1b 9f 00 01 01 00 01 14 00 01 3c 00 01 51  // 111 real
00 01 06 00 fd 47 01 f0 ff 01 28 00 01 15 00 01 // 27 real
11 00 01 04 00 01 e9 7f 13 00 01 10 00 01 25 00 // Aqui
01 15 00 01 11 00 01 04 b0 c2 00 01 13 00 28 02  
00 00 17 01 86 00 01 78 00 01 09 10 0f 00 01 32  
00 01 00 00 01 00 00 01 00 00 01 00 67 ab 00 01  
78 00 01 0a 00 01 1e 00 01 00 00 01 00 00 1f 6f 
01 10 00 01 10 00 01 7e 04 01 dc 05 01 13 00 01   
a7 d2 05 00 01 00 00 01 19 00 01 03 00 01 14 00 
01 00 2e 60 00 ff ff              



0564d64401000100dceac2c081800001010000178040001e0200bd8c002501b304014000018604014200016742eb05016000018400016a00014b0001020096ff01ab00013a05010c00010f00010a0001b8b00400011300017600011d0001030001061b9f00010100011400013c00015100010600fd4701f0ff01280001150001110001040001e97f13000110000125000115000111000104b0c20001130028020000170186000178000109100f00013200010000010000010000010067ab00017800010a00011e000100000100001f6f011000011000017e0401dc0501130001a7d2050001000001190001030001140001002e6000ffff

0564d64401000100dceac2c081800001010000178040001e0200bd8c002501b304014000018604014200016742eb05016000018400016a00014b0001020096ff01ab00013a05010c00010f00010a0001b8b00400011300017600011d0001030001061b9f00010100011400013c00015100010400fd4701f9ff012800011500011f2ff1040001e97f13000110000125000115000111000104b0c20001130028020000170186000178000109100f00013200010000010000010000010067ab00017800010a00011e000100000100001f6f011000011000017e0401dc0501130001a7d2050001000001190001030001140001002e6000ffff



